
            ================================================================================
            SOLANA HD WALLET EXPORT
            ================================================================================

            MASTER MNEMONIC (KEEP SECRET • DO NOT SHARE)
            -------------------------------------------
            crystal ranch enroll good dry vault still ketchup slab nurse clump bulk category follow patch laugh pride allow avocado age bicycle volcano elephant economy
            ================================================================================
            
            WALLET #1
            -------------------------------------------
            Public Key (Base58)
            ------------------
            Dr1ErC4viNGBPZybRrsaRpXWRQxxR5LDYZgApXz3Y1PR

            Private Key (Base58)
            -------------------
            7JDux7vSb9ZsXh9jBYfsxyVBbvP4RG1SCGSEAW2rKrM2

            Raw Keypair (Ed25519 • 64 bytes)
            --------------------------------
            [93, 143, 152, 148, 138, 132, 168, 115, 219, 3, 146, 205, 202, 199, 218, 97, 114, 54, 150, 31, 83, 90, 77, 176, 240, 200, 61, 45, 29, 213, 131, 173, 190, 217, 249, 4, 187, 1, 251, 26, 78, 45, 188, 196, 192, 5, 97, 15, 162, 254, 12, 87, 88, 156, 99, 5, 33, 211, 164, 243, 137, 194, 154, 172]

            WALLET #2
            -------------------------------------------
            Public Key (Base58)
            ------------------
            23TjuB72Y8f5VJqfUssP9KZQS9sxiH94ReHbZoHpB8dT

            Private Key (Base58)
            -------------------
            DfPR8otzoL6o72FmRFtP1jkMgnQxeWJHMZ1hcr1fZjyJ

            Raw Keypair (Ed25519 • 64 bytes)
            --------------------------------
            [188, 33, 168, 235, 109, 126, 224, 130, 105, 247, 253, 181, 0, 255, 153, 82, 98, 199, 204, 47, 211, 87, 244, 49, 190, 214, 188, 176, 85, 179, 243, 201, 15, 125, 21, 73, 254, 189, 201, 202, 133, 138, 158, 131, 248, 155, 140, 144, 160, 89, 216, 123, 137, 105, 82, 33, 174, 92, 89, 224, 119, 152, 159, 62]

            WALLET #3
            -------------------------------------------
            Public Key (Base58)
            ------------------
            7aUhxRa1hAwmvPUDkoCjp8ZYmGaS7n5fa3Xf39xoeNKd

            Private Key (Base58)
            -------------------
            DKeu8284ajXzokmUEmszEB7jAVGNVZoFtzetG6L9iRBx

            Raw Keypair (Ed25519 • 64 bytes)
            --------------------------------
            [183, 19, 140, 192, 31, 77, 121, 175, 175, 222, 248, 32, 76, 211, 252, 190, 243, 32, 57, 186, 255, 128, 187, 210, 20, 135, 16, 85, 130, 157, 63, 99, 97, 185, 157, 157, 42, 173, 6, 120, 36, 70, 213, 31, 159, 96, 207, 255, 226, 160, 205, 187, 191, 119, 69, 49, 120, 105, 222, 62, 151, 193, 39, 52]

            WALLET #4
            -------------------------------------------
            Public Key (Base58)
            ------------------
            GPgaVivB1QjTGYAXk9h7tPMjWiFFBeKGpfEpU6zT85oU

            Private Key (Base58)
            -------------------
            AZYjPKe1xZ4tZDfeMCmjARVd7b5khucZz3jtgjxNRz6P

            Raw Keypair (Ed25519 • 64 bytes)
            --------------------------------
            [142, 15, 165, 117, 180, 241, 15, 255, 103, 214, 213, 241, 43, 149, 149, 231, 192, 97, 187, 236, 74, 47, 167, 40, 90, 82, 29, 174, 158, 177, 128, 172, 228, 174, 213, 5, 227, 209, 44, 56, 19, 190, 38, 106, 242, 20, 21, 242, 189, 112, 179, 248, 103, 99, 147, 203, 105, 130, 128, 46, 120, 92, 54, 47]

            WALLET #5
            -------------------------------------------
            Public Key (Base58)
            ------------------
            3AZWFFhoF8iWmxbvesGWPi9LsCogo8jHTjdv1KeCHCYd

            Private Key (Base58)
            -------------------
            Gwf6SzushxkFWcDWs6B4gjfr7SFoKU5q8kM5hyZLcewn

            Raw Keypair (Ed25519 • 64 bytes)
            --------------------------------
            [236, 223, 189, 147, 185, 104, 27, 112, 118, 170, 205, 117, 199, 81, 252, 171, 140, 252, 71, 95, 241, 229, 105, 41, 192, 227, 157, 226, 55, 40, 164, 69, 32, 42, 90, 146, 35, 156, 35, 169, 180, 234, 121, 108, 59, 58, 88, 82, 219, 60, 199, 6, 183, 112, 135, 207, 209, 104, 163, 193, 208, 243, 143, 134]
